20100123 Hwang_Myunghan CS 12345 23456 17651 17652



20090421 Kim_Jason EE 17651 17652 17653 17654



20110512 Park_Hongsun CS 12345 23456 17652 17654



20109999 Kim_Yunmi CS 12345 17651 17652 17653



20100125 Kim_Hokyung ME 12345 23456 17651 17654



20100323 Jung_Philsoo CS 12345 23456 17651 17655



20080678 Ahn_Jonghyuk EE 12345 17651 17652 17654



20110298 Lee_Mijung ME 12345 23456 17651 17652



20120808 Kim_Sungsuk EE 12345 23456 17651 17652



20080603 Park_Kitea ME 17651 17652 17653



20070452 Ko_Kyungmin CS 12345 17652 17655



20130091 Kim_Chulmin CS 12345 23456 17651 17652



20110876 Park_Kiyoung EE 12345 17651 17652 17654



20100128 Kim_Minsu CS 12345 17651 17652 17653



20100131 Kim_JungMi CS 17651 17652 17653 17655



20130094 Jang_Goyoung CS 12345 23456 17653 



20130095 Kim_Soyoung EE 12345 23456 17651 17652 